c
c
d
b
b
a
c
b
c
c
d
a
a
c
a
d
b
d
d
a
1
0
0
1
0
0
0
1
0
0
0
0
1
0
1
0
0
0
1
0
0
1
0
0
0
0
0
1
0
0
1
0
0
0
0
1
0
0
0
1
0
0
0
0
1
1
0
0
0
1
0
0
0
0
0
1
0
1
0
0
0
0
0
0
1
0
1
0
0
0
0
0
1
0
0
0
1
1
0
0
0
2
0
0
0
1
1
0
0
0
0
0
0
1
0
0
0
1
0
1
0
0
0
1
0
0
1
0
0
0
0
1
0
0
0
0
1
0
0
0
1
0
1
0
0
0
1
0
0
0
1
0
0
0
0
0
1
0
0
0
1
0
0
0
0
1
1
0
0
0
0
0
1
0
1
0
0
0
1
0
0
0
3
0
1
0
0
1
0
0
0
0
0
0
1
1
0
0
0
0
0
0
1
0
1
0
0
0
0
1
0
0
1
0
0
0
0
0
1
1
0
0
0
0
0
1
0
0
0
1
0
0
1
0
0
0
0
0
1
0
0
0
1
0
0
0
1
1
0
0
0
0
0
0
1
0
0
1
0
1
0
0
0
4
1
0
0
0
0
0
1
0
0
0
0
1
0
0
0
1
1
0
0
0
1
0
0
0
0
0
1
0
1
0
0
0
0
1
0
0
0
0
0
1
0
0
0
1
0
1
0
0
0
1
0
0
0
0
0
1
0
0
1
0
0
0
1
0
1
0
0
0
0
1
0
0
0
0
0
1
0
0
1
0
5
0
0
1
0
0
1
0
0
0
1
0
0
0
0
0
1
1
0
0
0
1
0
0
0
0
0
0
1
0
1
0
0
0
1
0
0
0
0
0
1
0
0
1
0
1
0
0
0
0
0
1
0
0
0
1
0
1
0
0
0
0
1
0
0
0
1
0
0
0
0
1
0
0
0
0
1
0
0
0
1
-1
